GRT_DTW_Model_File_V2.0
Trained: 1
UseScaling: 0
NumInputDimensions: 3
NumOutputDimensions: 1
NumTrainingIterationsToConverge: 0
MinNumEpochs: 0
MaxNumEpochs: 100
ValidationSetSize: 20
LearningRate: 0.1
MinChange: 1e-005
UseValidationSet: 0
RandomiseTrainingOrder: 1
UseNullRejection: 1
ClassifierMode: 1
NullRejectionCoeff: 4
NumClasses: 4
NullRejectionThresholds:  19.8531 14.7669 22.233 94.7048
ClassLabels:  1 2 3 0
DistanceMethod: 1
UseSmoothing: 0
SmoothingFactor: 5
UseZNormalisation: 0
OffsetUsingFirstSample: 0
ConstrainWarpingPath: 1
Radius: 0.2
RejectionMode: 0
NumberOfTemplates: 4
OverallAverageTemplateLength: 132
***************TEMPLATE***************
Template: 1
ClassLabel: 1
TimeSeriesLength: 134
TemplateThreshold: 19.8531
TrainingMu: 5.33236
TrainingSigma: 4.84025
AverageTemplateLength: 124
TimeSeries: 
-0.0683594	0.685547	0.717285	
-0.0722656	0.691406	0.717285	
-0.0722656	0.691406	0.717285	
-0.0722656	0.691406	0.717285	
-0.0654297	0.691406	0.719727	
-0.0654297	0.691406	0.719727	
-0.0654297	0.691406	0.719727	
-0.0620117	0.694336	0.713379	
-0.0620117	0.694336	0.713379	
-0.0610352	0.697754	0.721191	
-0.0610352	0.697754	0.721191	
-0.0600586	0.690918	0.716309	
-0.0498047	0.691895	0.720215	
-0.0498047	0.691895	0.720215	
-0.0424805	0.692871	0.720703	
-0.0424805	0.692871	0.720703	
-0.0405273	0.699219	0.723633	
-0.0405273	0.699219	0.723633	
-0.0415039	0.693848	0.72168	
-0.0415039	0.693848	0.72168	
-0.0429688	0.689941	0.719727	
-0.046875	0.688477	0.727051	
-0.046875	0.688477	0.727051	
-0.046875	0.688477	0.727051	
-0.046875	0.688477	0.727051	
-0.0449219	0.686035	0.71875	
-0.0566406	0.688477	0.716309	
-0.0600586	0.688965	0.72168	
-0.0600586	0.688965	0.72168	
-0.0654297	0.697754	0.717285	
-0.0654297	0.697754	0.717285	
-0.0727539	0.694336	0.725586	
-0.0820312	0.694824	0.720215	
-0.0820312	0.694824	0.720215	
-0.0820312	0.694824	0.720215	
-0.0878906	0.691406	0.723145	
-0.0878906	0.691406	0.723145	
-0.090332	0.700195	0.728516	
-0.100586	0.690918	0.722168	
-0.100586	0.690918	0.722168	
-0.101562	0.689941	0.707031	
-0.101562	0.689941	0.707031	
-0.0961914	0.687988	0.72168	
-0.0961914	0.687988	0.72168	
-0.0942383	0.686035	0.710938	
-0.0942383	0.686035	0.710938	
-0.0776367	0.667969	0.721191	
-0.0776367	0.667969	0.721191	
-0.0522461	0.661621	0.730957	
-0.0522461	0.661621	0.730957	
-0.0244141	0.696289	0.753418	
-0.050293	0.692871	0.730469	
-0.050293	0.692871	0.730469	
-0.059082	0.692871	0.72998	
-0.059082	0.692871	0.72998	
-0.0131836	0.711914	0.745605	
-0.0131836	0.711914	0.745605	
-0.0605469	0.798828	0.731934	
-0.0605469	0.798828	0.731934	
-0.0996094	0.728027	0.731934	
-0.23584	0.703613	0.734375	
-0.23584	0.703613	0.734375	
0.0791016	0.299805	0.536133	
0.0791016	0.299805	0.536133	
0.0791016	0.299805	0.536133	
-0.0795898	0.64209	0.833008	
-0.0795898	0.64209	0.833008	
0.117188	0.713379	0.77002	
-0.09375	0.689453	0.699219	
-0.09375	0.689453	0.699219	
-0.0673828	0.677246	0.648926	
-0.0673828	0.677246	0.648926	
-0.162109	0.730469	0.648438	
-0.162109	0.730469	0.648438	
-0.172363	0.630859	0.677734	
-0.172363	0.630859	0.677734	
-0.139648	0.62207	0.700684	
-0.139648	0.62207	0.700684	
-0.130371	0.666016	0.719238	
-0.134766	0.712402	0.73584	
-0.134766	0.712402	0.73584	
-0.131836	0.708984	0.737793	
-0.131836	0.708984	0.737793	
-0.131836	0.708984	0.737793	
-0.124512	0.662109	0.744141	
-0.0776367	0.708008	0.759766	
-0.0776367	0.708008	0.759766	
-0.0449219	0.754883	0.77832	
-0.0449219	0.754883	0.77832	
-0.0537109	0.800293	0.778809	
-0.119141	0.736816	0.765137	
-0.119141	0.736816	0.765137	
-0.195312	0.746094	0.724121	
-0.195312	0.746094	0.724121	
-0.195312	0.746094	0.724121	
-0.370605	0.791504	0.631348	
-0.104004	0.101074	0.318848	
-0.104004	0.101074	0.318848	
-0.0390625	0.44873	0.851074	
-0.0390625	0.44873	0.851074	
0.301758	0.744141	0.836914	
-0.154785	0.802734	0.735352	
-0.154785	0.802734	0.735352	
-0.129395	0.639648	0.646484	
-0.129395	0.639648	0.646484	
-0.232422	0.772461	0.623047	
-0.232422	0.772461	0.623047	
-0.180176	0.70459	0.672852	
-0.180176	0.70459	0.672852	
-0.130859	0.654297	0.722656	
-0.130859	0.654297	0.722656	
-0.137207	0.734375	0.74707	
-0.161133	0.754395	0.749512	
-0.161133	0.754395	0.749512	
-0.183105	0.688965	0.751465	
-0.183105	0.688965	0.751465	
-0.183105	0.688965	0.751465	
-0.167969	0.661621	0.742676	
-0.167969	0.661621	0.742676	
-0.138184	0.689453	0.726562	
-0.128418	0.704102	0.730957	
-0.128418	0.704102	0.730957	
-0.127441	0.694336	0.726562	
-0.127441	0.694336	0.726562	
-0.118164	0.686035	0.715332	
-0.118164	0.686035	0.715332	
-0.0996094	0.681152	0.706543	
-0.0996094	0.681152	0.706543	
-0.0825195	0.692383	0.712402	
-0.0825195	0.692383	0.712402	
-0.0854492	0.69043	0.708008	
-0.0805664	0.684082	0.706543	
-0.0805664	0.684082	0.706543	
-0.0883789	0.68457	0.70752	
***************TEMPLATE***************
Template: 2
ClassLabel: 2
TimeSeriesLength: 162
TemplateThreshold: 14.7669
TrainingMu: 8.72296
TrainingSigma: 2.01465
AverageTemplateLength: 166
TimeSeries: 
-0.782715	0.353516	0.55957	
-0.78125	0.358398	0.566895	
-0.78125	0.358398	0.566895	
-0.78125	0.358398	0.566895	
-0.781738	0.353027	0.565918	
-0.781738	0.353027	0.565918	
-0.781738	0.353027	0.565918	
-0.789551	0.353027	0.556152	
-0.802734	0.353516	0.557617	
-0.802734	0.353516	0.557617	
-0.802734	0.353516	0.557617	
-0.802246	0.351074	0.558105	
-0.802246	0.351074	0.558105	
-0.802246	0.351074	0.558105	
-0.793945	0.351562	0.560547	
-0.793945	0.351562	0.560547	
-0.793945	0.351562	0.560547	
-0.797363	0.348633	0.562988	
-0.797363	0.348633	0.562988	
-0.795898	0.347656	0.563965	
-0.795898	0.347656	0.563965	
-0.802246	0.333984	0.560059	
-0.802246	0.333984	0.560059	
-0.810059	0.338867	0.580078	
-0.810059	0.338867	0.580078	
-0.810059	0.338867	0.580078	
-0.810059	0.338867	0.580078	
-0.810059	0.338867	0.580078	
-0.807129	0.343262	0.560547	
-0.797852	0.34375	0.567871	
-0.791016	0.345215	0.550293	
-0.769531	0.344238	0.55957	
-0.751465	0.36084	0.557129	
-0.751465	0.36084	0.557129	
-0.751465	0.36084	0.557129	
-0.759277	0.375	0.568359	
-0.759277	0.375	0.568359	
-0.769043	0.353516	0.565918	
-0.769043	0.353516	0.565918	
-0.769043	0.353516	0.565918	
-0.782227	0.362305	0.589355	
-0.794434	0.383789	0.625488	
-0.814453	0.374023	0.60791	
-0.814453	0.374023	0.60791	
-0.814453	0.374023	0.60791	
-0.84082	0.383301	0.600098	
-0.86084	0.359863	0.567871	
-0.86084	0.359863	0.567871	
-0.825684	0.324219	0.563965	
-0.760254	0.246094	0.581055	
-0.760254	0.246094	0.581055	
-0.760254	0.246094	0.581055	
-0.760254	0.246094	0.581055	
-0.666016	0.292969	0.638672	
-0.666016	0.292969	0.638672	
-0.682129	0.271484	0.664062	
-0.682129	0.271484	0.664062	
-0.685059	0.263184	0.658691	
-0.685059	0.263184	0.658691	
-0.685059	0.263184	0.658691	
-0.691895	0.260254	0.628906	
-0.702637	0.268555	0.59375	
-0.702637	0.268555	0.59375	
-0.702637	0.268555	0.59375	
-0.702637	0.268555	0.59375	
-0.702148	0.303711	0.585449	
-0.704102	0.320801	0.598145	
-0.721191	0.306641	0.57666	
-0.736328	0.32959	0.59375	
-0.736328	0.32959	0.59375	
-0.736328	0.32959	0.59375	
-0.76123	0.26709	0.601074	
-0.76123	0.26709	0.601074	
-0.76123	0.26709	0.601074	
-0.749023	0.300781	0.631836	
-0.695312	0.381836	0.658203	
-0.67627	0.412109	0.68457	
-0.753418	0.32666	0.674805	
-0.753418	0.32666	0.674805	
-0.827148	0.253418	0.60791	
-0.827148	0.253418	0.60791	
-0.765625	0.269531	0.565918	
-0.708496	0.295898	0.482422	
-0.708496	0.295898	0.482422	
-0.765137	0.407715	0.458496	
-0.80127	0.537109	0.480469	
-0.751953	0.582031	0.513184	
-0.751953	0.582031	0.513184	
-0.751953	0.582031	0.513184	
-0.770508	0.558594	0.566895	
-0.770508	0.558594	0.566895	
-0.770508	0.558594	0.566895	
-0.804688	0.50293	0.541016	
-0.844238	0.424316	0.543945	
-0.843262	0.383789	0.540527	
-0.843262	0.383789	0.540527	
-0.843262	0.383789	0.540527	
-0.810547	0.406738	0.550781	
-0.777832	0.412598	0.562012	
-0.75293	0.42627	0.574707	
-0.75293	0.42627	0.574707	
-0.75293	0.42627	0.574707	
-0.75293	0.446777	0.583984	
-0.774902	0.416992	0.569824	
-0.762695	0.32666	0.496582	
-0.762695	0.32666	0.496582	
-0.762695	0.32666	0.496582	
-0.679199	0.340332	0.550781	
-0.660156	0.531738	0.606934	
-0.77832	0.500488	0.612305	
-0.77832	0.500488	0.612305	
-0.693848	0.529785	0.638672	
-0.693848	0.529785	0.638672	
-0.758789	0.537109	0.658691	
-0.82666	0.524902	0.570312	
-0.82666	0.524902	0.570312	
-0.811035	0.463379	0.567871	
-0.811035	0.463379	0.567871	
-0.78125	0.345703	0.547852	
-0.824707	0.296387	0.538086	
-0.824707	0.296387	0.538086	
-0.824707	0.296387	0.538086	
-0.783691	0.208496	0.527344	
-0.717773	0.271484	0.586914	
-0.717773	0.271484	0.586914	
-0.697266	0.288086	0.655273	
-0.727051	0.251465	0.660645	
-0.727051	0.251465	0.660645	
-0.727051	0.251465	0.660645	
-0.73584	0.217773	0.626465	
-0.73584	0.217773	0.626465	
-0.762695	0.24707	0.589355	
-0.75	0.277832	0.600586	
-0.725586	0.325195	0.611328	
-0.719727	0.338379	0.62207	
-0.719727	0.338379	0.62207	
-0.728027	0.350098	0.616211	
-0.728027	0.350098	0.616211	
-0.734375	0.329102	0.612793	
-0.722168	0.334961	0.610352	
-0.722168	0.334961	0.610352	
-0.729004	0.34082	0.601562	
-0.729004	0.34082	0.601562	
-0.759277	0.336914	0.601562	
-0.746094	0.323242	0.583008	
-0.746094	0.323242	0.583008	
-0.754883	0.31543	0.590332	
-0.751465	0.304688	0.613281	
-0.751465	0.304688	0.613281	
-0.753418	0.314941	0.614258	
-0.753418	0.314941	0.614258	
-0.755371	0.312988	0.620117	
-0.755371	0.312988	0.620117	
-0.749512	0.31543	0.620117	
-0.757324	0.324219	0.620117	
-0.757324	0.324219	0.620117	
-0.757324	0.324219	0.620117	
-0.757324	0.324219	0.620117	
-0.756348	0.337891	0.606445	
-0.756348	0.337891	0.606445	
-0.75293	0.344727	0.623535	
-0.749023	0.334473	0.621094	
***************TEMPLATE***************
Template: 3
ClassLabel: 3
TimeSeriesLength: 138
TemplateThreshold: 22.233
TrainingMu: 9.05444
TrainingSigma: 4.39287
AverageTemplateLength: 140
TimeSeries: 
-0.102051	0.774902	0.616211	
-0.102051	0.774902	0.616211	
-0.106934	0.772461	0.61377	
-0.10791	0.770508	0.621582	
-0.10791	0.770508	0.621582	
-0.11377	0.770996	0.633789	
-0.11377	0.770996	0.633789	
-0.108398	0.769531	0.652832	
-0.108398	0.769531	0.652832	
-0.101074	0.774902	0.664062	
-0.0966797	0.778809	0.671875	
-0.0966797	0.778809	0.671875	
-0.10791	0.781738	0.699219	
-0.10791	0.781738	0.699219	
-0.12793	0.791016	0.73584	
-0.12793	0.791016	0.73584	
-0.146973	0.781738	0.766113	
-0.148926	0.776367	0.807617	
-0.148926	0.776367	0.807617	
-0.193359	0.812988	0.87207	
-0.193359	0.812988	0.87207	
-0.228027	0.842773	0.921875	
-0.228027	0.842773	0.921875	
-0.236816	0.794434	0.953613	
-0.270996	0.776855	0.930176	
-0.270996	0.776855	0.930176	
-0.293457	0.797852	0.905762	
-0.293457	0.797852	0.905762	
-0.334961	0.791504	0.89209	
-0.361816	0.752441	0.883301	
-0.361816	0.752441	0.883301	
-0.387207	0.727539	0.850098	
-0.387207	0.727539	0.850098	
-0.393555	0.683594	0.799805	
-0.386719	0.622559	0.749023	
-0.386719	0.622559	0.749023	
-0.402832	0.56543	0.705566	
-0.402832	0.56543	0.705566	
-0.402832	0.56543	0.705566	
-0.391602	0.516602	0.666992	
-0.387207	0.387695	0.623047	
-0.387207	0.387695	0.623047	
-0.387207	0.387695	0.623047	
-0.382812	0.345215	0.592773	
-0.382812	0.345215	0.592773	
-0.364746	0.305664	0.591797	
-0.364746	0.305664	0.591797	
-0.380859	0.27832	0.571289	
-0.296387	0.158203	0.526367	
-0.470215	0.050293	0.485352	
-0.39502	0.0761719	0.568848	
-0.39502	0.0761719	0.568848	
-0.47168	0.234863	0.515137	
-0.47168	0.234863	0.515137	
-0.455566	0.277832	0.560547	
-0.48584	0.297852	0.535645	
-0.48584	0.297852	0.535645	
-0.520508	0.269043	0.54248	
-0.520508	0.269043	0.54248	
-0.49707	0.239258	0.598633	
-0.480957	0.253906	0.593262	
-0.480957	0.253906	0.593262	
-0.510254	0.3125	0.587402	
-0.518066	0.369141	0.577148	
-0.518066	0.369141	0.577148	
-0.445801	0.39209	0.626465	
-0.3125	0.42041	0.692871	
-0.3125	0.42041	0.692871	
-0.3125	0.42041	0.692871	
-0.350098	0.620605	0.722656	
-0.350098	0.620605	0.722656	
-0.287598	0.632324	0.763184	
-0.287598	0.632324	0.763184	
-0.185059	0.669434	0.831543	
-0.125	0.728027	0.817871	
-0.125	0.728027	0.817871	
-0.16748	0.772461	0.827148	
-0.16748	0.772461	0.827148	
-0.161621	0.880371	0.835938	
-0.0737305	0.952148	0.882812	
-0.0737305	0.952148	0.882812	
-0.13916	0.85498	0.929688	
-0.13916	0.85498	0.929688	
-0.213867	0.834961	0.936523	
-0.240723	0.732422	0.812012	
-0.240723	0.732422	0.812012	
-0.0175781	0.401367	1.09082	
-0.0175781	0.401367	1.09082	
0.197266	0.887207	1.11523	
-0.21582	1.04883	0.883301	
-0.21582	1.04883	0.883301	
-0.21582	1.04883	0.883301	
-0.324219	0.72168	0.733887	
-0.224609	0.791016	0.594238	
-0.211426	0.72998	0.536621	
-0.211426	0.72998	0.536621	
-0.211426	0.72998	0.536621	
-0.116211	0.618652	0.553711	
-0.116211	0.618652	0.553711	
-0.0957031	0.693359	0.564453	
-0.0898438	0.755859	0.556152	
-0.0898438	0.755859	0.556152	
-0.0820312	0.78125	0.569336	
-0.0820312	0.78125	0.569336	
-0.111816	0.777832	0.594238	
-0.0610352	0.76416	0.62793	
-0.0610352	0.76416	0.62793	
-0.0449219	0.789062	0.651367	
-0.0449219	0.789062	0.651367	
-0.0532227	0.793945	0.648438	
-0.0620117	0.79834	0.637695	
-0.0620117	0.79834	0.637695	
-0.0712891	0.811523	0.639648	
-0.0712891	0.811523	0.639648	
-0.065918	0.813965	0.656738	
-0.0639648	0.80957	0.672363	
-0.0639648	0.80957	0.672363	
-0.0581055	0.820312	0.67041	
-0.0629883	0.808594	0.646973	
-0.0629883	0.808594	0.646973	
-0.0629883	0.808594	0.646973	
-0.0776367	0.8125	0.632324	
-0.0869141	0.798828	0.615723	
-0.0952148	0.793457	0.60498	
-0.0952148	0.793457	0.60498	
-0.0917969	0.798828	0.596191	
-0.0917969	0.798828	0.596191	
-0.0942383	0.79248	0.580566	
-0.09375	0.797852	0.584473	
-0.09375	0.797852	0.584473	
-0.101074	0.79248	0.582031	
-0.101074	0.79248	0.582031	
-0.0981445	0.803223	0.590332	
-0.0981445	0.803223	0.590332	
-0.100586	0.793457	0.588867	
-0.10498	0.788086	0.598633	
-0.10498	0.788086	0.598633	
-0.103516	0.777344	0.604004	
***************TEMPLATE***************
Template: 4
ClassLabel: 0
TimeSeriesLength: 100
TemplateThreshold: 94.7048
TrainingMu: 50.6549
TrainingSigma: 14.6833
AverageTemplateLength: 100
TimeSeries: 
0.261839	-0.0595602	0.130291	
0.261839	-0.0595602	0.130291	
0.261839	-0.0595602	0.130291	
0.261839	-0.0595602	0.130291	
0.261839	-0.0595602	0.130291	
0.261839	-0.0595602	0.130291	
0.261839	-0.0595602	0.130291	
0.261839	-0.0595602	0.130291	
0.261839	-0.0595602	0.130291	
0.261839	-0.0595602	0.130291	
0.261839	-0.0595602	0.130291	
0.261839	-0.0595602	0.130291	
0.261839	-0.0595602	0.130291	
0.261839	-0.0595602	0.130291	
0.261839	-0.0595602	0.130291	
0.261839	-0.0595602	0.130291	
0.261839	-0.0595602	0.130291	
0.261839	-0.0595602	0.130291	
0.261839	-0.0595602	0.130291	
0.261839	-0.0595602	0.130291	
0.261839	-0.0595602	0.130291	
0.261839	-0.0595602	0.130291	
0.261839	-0.0595602	0.130291	
0.261839	-0.0595602	0.130291	
0.261839	-0.0595602	0.130291	
0.261839	-0.0595602	0.130291	
0.261839	-0.0595602	0.130291	
0.261839	-0.0595602	0.130291	
0.261839	-0.0595602	0.130291	
0.261839	-0.0595602	0.130291	
0.261839	-0.0595602	0.130291	
0.261839	-0.0595602	0.130291	
0.261839	-0.0595602	0.130291	
0.261839	-0.0595602	0.130291	
0.261839	-0.0595602	0.130291	
0.261839	-0.0595602	0.130291	
0.261839	-0.0595602	0.130291	
0.261839	-0.0595602	0.130291	
0.261839	-0.0595602	0.130291	
0.261839	-0.0595602	0.130291	
0.261839	-0.0595602	0.130291	
0.261839	-0.0595602	0.130291	
0.261839	-0.0595602	0.130291	
0.261839	-0.0595602	0.130291	
0.261839	-0.0595602	0.130291	
0.261839	-0.0595602	0.130291	
0.261839	-0.0595602	0.130291	
0.261839	-0.0595602	0.130291	
0.261839	-0.0595602	0.130291	
0.261839	-0.0595602	0.130291	
0.261839	-0.0595602	0.130291	
0.261839	-0.0595602	0.130291	
0.261839	-0.0595602	0.130291	
0.261839	-0.0595602	0.130291	
0.261839	-0.0595602	0.130291	
0.261839	-0.0595602	0.130291	
0.261839	-0.0595602	0.130291	
0.261839	-0.0595602	0.130291	
0.261839	-0.0595602	0.130291	
0.261839	-0.0595602	0.130291	
0.261839	-0.0595602	0.130291	
0.261839	-0.0595602	0.130291	
0.261839	-0.0595602	0.130291	
0.261839	-0.0595602	0.130291	
0.261839	-0.0595602	0.130291	
0.261839	-0.0595602	0.130291	
0.261839	-0.0595602	0.130291	
0.261839	-0.0595602	0.130291	
0.261839	-0.0595602	0.130291	
0.261839	-0.0595602	0.130291	
0.261839	-0.0595602	0.130291	
0.261839	-0.0595602	0.130291	
0.261839	-0.0595602	0.130291	
0.261839	-0.0595602	0.130291	
0.261839	-0.0595602	0.130291	
0.261839	-0.0595602	0.130291	
0.261839	-0.0595602	0.130291	
0.261839	-0.0595602	0.130291	
0.261839	-0.0595602	0.130291	
0.261839	-0.0595602	0.130291	
0.261839	-0.0595602	0.130291	
0.261839	-0.0595602	0.130291	
0.261839	-0.0595602	0.130291	
0.261839	-0.0595602	0.130291	
0.261839	-0.0595602	0.130291	
0.261839	-0.0595602	0.130291	
0.261839	-0.0595602	0.130291	
0.261839	-0.0595602	0.130291	
0.261839	-0.0595602	0.130291	
0.261839	-0.0595602	0.130291	
0.261839	-0.0595602	0.130291	
0.261839	-0.0595602	0.130291	
0.261839	-0.0595602	0.130291	
0.261839	-0.0595602	0.130291	
0.261839	-0.0595602	0.130291	
0.261839	-0.0595602	0.130291	
0.261839	-0.0595602	0.130291	
0.261839	-0.0595602	0.130291	
0.261839	-0.0595602	0.130291	
0.261839	-0.0595602	0.130291	
